98768351
92791736
98768290
98768895
98768778
92797988
98768422
92793364
98768075
92797344
92791038
92792141
92799722
98768175
98768672
98768463
98768545
92796271
98768113
92793445
92791102
98768849
98768857
92793451
98768988
92799785
92795225
92792871
98768480
98768185
92798590
98768625
98768793
92799809
92797641
98768567
98768074
98768551
92790576
92790895
98768879
92795550
92793667
92791028
98768822
92792224
98768744
98768442
98768157
98768506
92792714
98768687
92795341
98768480
98768532
98768595
92796206
98768171
98768419
92794956
98768730
98768704
92799314
92797656
92797052
92792392
92795204
98768271
98768450
92792649
98768941
98768618
98768126
92790012
92798588
92796108
92796790
92791179
92790194
92798637
92795773
98768647
98768674
92799644
92790024
98768701
92791865
92791154
92796773
92793359
98768563
92792606
98768590
92795375
92795321
98768444
92795120
92796468
98768930
98768462
98768423
92798328
98768260
98768819
92792804
98768949
92795043
98768045
98768650
92794814
92793328
98768283
92791492
98768156
92796625
92796122
98768695
92796367
98768804
98768836
98768630
92790501
92792946
98768423
92798178
92791537
98768717
92792697
98768741
98768892
92798705
92796096
92794826
92795820
92793205
98768054
98768321
92794758
98768911
92796079
92793532
92790297
92796209
98768217
92796363
92799348
98768695
92792065
92794988
98768206
98768290
98768473
98768921
92797604
98768858
98768300
92795670
98768570
92799448
92795796
98768437
98768950
92795750
98768308
92795389
98768533
98768060
92793111
92797933
92798228
98768609
92792616
92794786
92794279
92799850
92791328
98768126
92793395
98768214
98768246
92792731
92791974
92790881
92790845
92799235
98768839
98768016
98768400
98768113
98768225
98768508
92790980
98768226
92796295
98768717
92798923
92791054
92795092
98768408
92798786
92794530
98768274
98768845
92793708
98768987
98768264
98768559
98768788
98768279
92791203
98768838
98768895
92799564
98768530
92791423
98768579
98768074
92795555
98768274
92797475
92798773
92793900
92799534
92799024
92798824
98768589
92799034
98768442
98768660
98768908
92796820
98768076
98768411
98768626
92793997
98768896
98768721
98768534
98768601
92797082
98768622
92799212
98768224
98768284
92799941
98768539
92798084
98768358
92792136
98768707
98768501
98768089
92798767
92799793
98768694
98768684
92796635
92798184
92795094
98768626
92798979
98768315
98768468
98768152
98768634
92792110
92798957
92793080
98768265
92794926
92790314
98768404
98768427
98768297
98768031
92798757
92794943
98768872
92793425
92794020
92796548
98768909
98768074
92791346
98768497
92791630
98768203
92798885
98768867
98768658
92790883
92798805
98768506
92797793
92799354
98768449
98768094
92795956
98768376
92792241
98768481
98768951
98768801
98768759
92791193
92796946
98768287
92794844
92799475
98768420
98768653
92790632
92798332
98768658
98768086
98768328
98768566
98768869
92790195
98768628
92792124
98768677
92793075
98768972
98768633
98768490
92790205
92796978
98768054
92799611
98768745
92796324
98768263
98768563
98768450
98768541
98768212
98768956
92797316
98768965
98768412
92794317
98768830
92797995
98768399
92791315
98768589
98768456
92794273
98768688
92796102
98768646
98768528
98768392
92794304
98768955
98768721
92796032
98768027
98768855
98768322
92793502
98768286
98768191
98768329
92794888
98768995
98768483
98768522
98768028
98768137
92799698
92790303
92797924
92793456
98768272
98768772
92795379
98768764
98768836
98768050
98768933
98768076
92797689
92796525
92795900
92791992
98768221
92794592
98768213
92796014
92794797
92796061
92791149
92792808
98768848
92794603
92792266
98768746
98768325
98768654
98768467
92792311
98768491
92792780
98768952
92799541
98768342
92793934
92792704
92797928
98768692
98768045
98768887
98768746
92794005
98768970
98768981
98768710
98768202
92792619
98768572
92798175
92796011
92797664
92795136
92793159
98768036
92790482
98768321
98768162
92791204
92793251
98768029
98768844
92798511
92794545
92793876
92797274
98768970
92790653
98768711
92797666
92797804
98768655
98768311
98768694
98768329
98768597
98768301
92798752
92792315
98768811
98768943
92796050
92793203
98768613
98768083
98768924
92795989
98768386
92793787
98768606
98768430
98768248
98768922
92794078
98768363
92793559
92791014
92792014
98768418
98768228
92791972
98768703
92792748
92795236
98768073
92794502
98768497
92793165
98768905
92791670
98768826
92791407
92796211
98768017
98768628
92791979
98768188
92795486
92792187
92791583
92796833
92797135
98768610
92794440
98768429
92799638
98768242
98768265
92790806
98768318
92791819
92792296
92796833
98768250
98768299
92790544
98768095
92791464
98768698
98768427
98768607
92799865
98768796
92793863
98768068
92799941
92795985
98768903
98768979
98768635
98768128

98768566
98768609
92797341
92798001
92792067
98768123
98768606
92793129
98768594
92799102
98768574
98768574
98768402
98768539
98768431
98768763
92798175
98768210
92799754
98768189
92797276
98768329
98768142
98768481
98768499
92796106
92790767
98768228
92796564
98768010
92799666
98768789
98768943
98768110
98768085
92793944
98768359
98768485
92794672
92795226
98768972
92792180
98768831
98768840
92791318
98768947
92790269
92790907
98768018
92798682
92797587
98768582
92790113
98768343
92795917
92799255
98768954
98768368
92791023
92795718
98768610
98768537
92790975
92798134
92795888
92793666
98768365
92791821
98768827
92798758
92796814
92798624
92796532
92799242
92796064
98768715
98768080
98768918
92790316
92798108
92796249
92793058
98768788
98768929
92795214
92796643
92792336
92794276
92790070
98768647
98768338
92799859
98768791
98768718
98768069
92798517
92796663
98768470
92794532
98768410
98768662
98768386
98768533
92793855
98768812
92792658
98768150
92796862
98768384
98768405
98768760
92795151
92793274
98768836
92797248
98768622
92794345
98768910
98768425
92796460
92797940
98768768
92796342
92794522
92790277
98768463
92795845
98768480
92791963
98768286
98768128
98768614
98768569
92790339
98768290
98768441
98768490
92797463
98768624
98768582
92790936
92792880
98768273
92791073
98768073
98768512
98768364
92791273
98768635
92793342
98768846
98768511
98768767
92795245
92790391
98768584
92794691
92799885
92799591
98768534
98768270
92796447
92795729
92795857
98768845
92797357
92790526
98768437
92792403
92794486
98768225
98768933
92790525
98768053
98768506
98768742
92795386
98768367
98768008
92797057
92796172
92792164
92790707
98768083
98768294
98768896
98768271
98768450
98768689
92799845
92793807
92798529
98768631
92794545
98768344
98768476
92797082
92793187
92794272
98768083
98768154
98768844
98768037
92791684
92799768
92792069
92798352
92793885
98768257
98768675
92797622
98768130
98768010
98768656
92791195
92796859
92798880
92799928
98768176
98768514
98768815
98768831
92799848
98768278
98768197
92796700
98768424
98768714
92799163
98768324
98768692
98768439
92794508
98768231
98768036
92795789
98768787
98768155
98768966
98768706
98768316
92795579
92799920
98768437
92793021
92796880
92790295
98768134
92797462
92790981
92795889
92795469
92792749
98768430
98768037
92795165
98768329
98768262
98768497
98768006
92798138
92792777
92790356
98768409
92797709
98768826
92793015
92799544
92794940
92794490
98768920
92792916
98768141
98768776
98768185
92791358
92797850
92795624
92798128
98768944
92799295
92799248
92798704
92796716
92797883
98768482
98768769
98768995
98768510
98768943
98768503
92796348
92792595
92791348
98768866
98768799
92797598
98768708
98768754
92795734
92798949
92796008
98768568
92791817
92790961
98768425
92792449
92791414
98768144
92794153
98768640
98768246
92790134
92792318
98768357
98768002
98768965
98768317
98768181
92793357
98768938
98768440
92795836
98768405
98768991
98768165
98768161
98768028
98768650
98768792
92797020
92791375
92799673
92790551
98768854
98768221
98768919
98768202
98768419
92791190
98768413
98768798
92796236
92790142
92796895
98768514
98768054
92796642
98768614
92795388
92794493
98768448
92794526
92797389
98768348
92798263
92791076
92798004
98768518
92794479
92797772
92796340
92795724
92792313
98768418
92794738
92790745
92790076
98768393
98768337
98768423
92796230
98768687
98768742
98768275
92794780
92798410
92798144
98768106
92791553
92795230
92792716
92797310
98768140
92792005
92798586
92793392
92790590
98768211
92792302
92791939
92795811
92798115
92799460
92795997
98768231
92795394
98768273
98768374
98768256
92799257
98768767
98768372
92793040
92799373
98768147
92797899
98768602
98768592
92794406
98768803
92796049
92798809
98768313
92795345
98768884
98768977
92796197
98768843
92790116
98768463
98768626
98768961
98768942
92790712
98768948
92792293
98768817
92795470
92790849
98768509
92797130
92794316
98768374
92790856
98768109
92792701
98768472
98768068
92794374
98768510
92793312
92796776
98768560
98768524
92790095
92790468
92793503
98768019
92799690
98768165
98768349
98768565
98768599
92795226
98768842
98768260
92794156
98768785
92799438
92793517
92795337
98768285
92793033
92795815
98768183
98768368
92791413
98768800
98768880
98768139
98768453
98768366
92795935
92798032
92797673
98768272
98768166
98768487
92795502
92794520
98768839
92790746
92794625
92798362
92791117
98768749
98768427
92796669
98768902
92794156
98768844
92792523
98768745
92793890
98768228
98768772
98768423
98768895
98768169
98768584
98768085
98768149
98768667
92790974
98768634
92798529
92798913
98768045
98768851
98768239
98768421
98768117
92792264
98768562
92792676
92798285
92791091
98768353
98768638
98768497
98768991
98768520
92791030
92793607
98768476
98768926
92792567
92795479
98768057
98768331
98768744
92793643
98768910
92796033
92790531
98768846
98768807
92794753
98768383
98768750
98768719
92792790
92796931
98768899
98768460
98768572
92791894
92796810
92798472
92794101
98768110
98768805
98768361
92793465
92793596
92793570
92797412
92798377
92791450
92793170
92792788
92793062
92794597
92792113
98768919
92790057
92797615
92796975
92793469
98768863
92794108
92797809
92794775
98768508
92797318
98768710
92798365
98768598
98768734
92796954
92794532
98768426
98768689
92791375
92791331
92798862
92795011
98768003
92791955
92797899
92792563
98768855
92795086
98768998
98768137
98768487
98768838
98768030
98768765
92791956
98768203
98768941
98768096
92791517
98768552
92795063
98768264
92793532
98768863
92792268
98768706
98768887
92795720
92795005
98768235
92790225
98768422
98768500
92794043
92794477
92795905
98768082
92794083
92794093
98768398
98768202
92796454
98768909
98768408
98768294
98768238
92796225
92790303
92795200
98768420
98768192
92798177
98768732
92793280
98768481
92790374
98768157
98768518
92797670
92790857
92799907
92798734
98768894
92796655
98768292
98768311
98768163
92798599
98768429
92795715
98768741
92796551
92792538
92797374
98768854
92797475
92799069
92792381
98768990
92798301
98768963
98768279
92794351
92790638
92794885
98768141
92796817
92790397
92795822
92792610
92790115
98768324
92798101
98768415
92794469
98768803
92799212
92793343
92793510
92797472
98768411
92790856
98768422
92798903
92791321
98768294
98768679
98768227
92790787
98768542
98768813
92797423
92792719
92793038
92795368
92799230
98768340
92797233
92794192
98768400
92792292
92791007
92790329
98768673
98768363
92791901
92799790
98768088
92791813
92796789
92796408
98768933
92795994
98768918
98768778
98768783
98768781
92794426
92793203
98768539
98768818
98768007
92799351
92795220
92798872
98768811
98768101
98768405
92791643
98768041
98768732
92794442
98768972
98768860
92794235
98768709
98768125
98768727
98768137
92797222
98768971
92797090
92798591
92794607
92796350
98768041
92792307
98768303
98768428
98768759
98768686
92794291
92797308
98768994
92792211
98768099
98768830
92790652
98768826
98768276
92793712
98768010
92792787
98768259
92793879
98768820
92791538
98768368
92792774
92797919
98768126
92792648
98768781
98768902
98768891
92791799
92792557
92793047
98768904
98768151
98768579
98768791
92795923
98768354
98768629
92793492
92794974
92799911
92795931
92799651
92790259
92797024
92792510
92793053
98768045
92795877
98768834
98768667
98768053
98768347
92790972
92792285
92790042
92791813
98768430
98768174
92791892
92794313
92790386
92792939
92790814
98768135
98768255
92792066
98768294
98768155
92792465
98768465
98768325
92790937
98768576
92798580
92796207
98768097
92796346
98768167
92792975
98768429
92795031
98768003
92791309
92796553
92791831
98768882
92793618
98768144
92797228
92790009
92795368
92798948
98768201
92791767
98768752
98768255
92795092
92793179
98768242
92790259
92791458
98768603
92790520
92791076
98768148
98768513
98768674
98768551
92797683
92799454
98768009
92790701
92799420
98768519
92797892
98768085
98768650
98768658
92799160
92797248
98768440
92794307
98768487
98768698
98768757
98768151
98768075
98768628
98768918
92790930
92794936
92798276
98768213
98768840
92793775
98768360
98768614
92799161
92795410
92790386
98768292
98768083
98768442
98768673
92793671
98768725
92790922
98768229
92792823
98768589
98768353
92794328
98768161
92791142
92791933
92799242
92799450
92796582
98768323
92797092
92790207
98768208
98768587
98768696
92792972
98768863
92795839
92795498
92790931
92796027
92795682
92796917
98768929
92796056
98768824
92797212
92797346
98768049
98768127
92792748
98768547
92796736
92798669
98768476
98768460
92793950
92793456
92796085
92799660
92790292
98768398
92799176
92799149
98768368
98768265
92791355
92796516
98768899
98768677
92796665
98768601
92792694
98768222
92792255
98768846
92792896
98768492
92793167
92797292
92798352
92790322
98768969
92797379
92790364
92799850
92795600
98768443
92792975
92799308
98768018
98768290
98768604
92797671
92797771
98768280
98768602
92794560
98768756
98768500
92790090
98768884
98768791
92791857
98768710
98768194
92798514
92790199
98768513
92795647
92794106
92798077
98768288
98768845
98768437
92791515

92796946
98768426
98768313
92791421
92794642
98768061
92795575
92798889
92798840
92796717
98768722
98768622
98768015
98768038
98768276
98768939
92796395
98768156
92797601
92797793
92799725
98768066
98768254
92799481
92796932
92791184
92790084
98768395
98768604
92797556
92796841
92798278
92792961
98768117
92797009
98768715
98768759
98768481
92795731
98768376
92794058
92794137
92793009
92796103
92796551
98768827
98768247
92796013
92798968
98768480
92794370
92792276
98768246
92792825
98768436
98768381
92797128
92799658
98768212
98768602
92796528
92799092
98768880
98768240
92794409
98768516
98768327
98768222
92793451
92796341
92799512
98768690
92794078
98768317
98768022
98768700
98768193
92792333
98768661
92793428
92795876
98768213
92799345
98768487
98768278
92799008
98768659
92791886
92797984
98768328
92799933
98768230
92796792
92792121
98768785
98768893
92797572
98768213
92792917
98768185
92793100
98768299
98768734
92797598
92799714
92794120
92793815
98768622
98768392
92797862
92797852
98768240
92793263
98768904
98768943
98768245
98768923
98768236
98768855
98768156
98768623
98768417
98768471
92798891
98768194
92796065
98768336
92799533
98768268
92798872
98768877
98768320
92791232
98768636
98768283
98768605
98768915
98768174
92797631
92797362
98768892
98768532
92790938
92799830
92795812
98768495
98768498
98768542
98768624
98768466
98768266
98768070
92796639
92793179
92798728
98768541
98768840
92795802
98768596
98768589
92794909
98768659
92792283
98768031
92796871
98768005
98768799
92797427
98768500
98768401
92798323
98768769
92797104
98768675
98768762
92790738
92795796
92799845
98768990
92792173
98768562
92790878
92794918
92795583
92793881
98768045
92796334
98768071
92790970
92792784
92797187
98768054
92799620
92791438
98768805
98768759
92790114
98768612
98768534
92796837
92793828
92792966
98768769
98768761
92793225
92799498
98768850
92797203
98768072
98768904
92792004
98768708
98768234
92797725
98768690
98768587
92796571
92793087
92797727
92793251
92790377
92795393
98768719
92798445
98768531
98768669
92799873
92795343
92794487
92793700
92796829
98768249
98768596
98768169
92798163
92790753
98768675
98768758
98768362
98768669
92791553
92795448
98768551
92796561
98768955
98768264
92795410
92794839
92792877
98768205
98768060
98768986
92799531
92799657
98768858
92795919
98768698
92790384
92797174
92796431
92791997
98768099
98768892
98768653
92793347
92792310
92792277
98768864
98768591
92791163
92797780
98768736
92791830
98768252
92790741
92797584
98768956
98768095
98768779
98768755
98768486
92798085
98768012
92795306
98768448
98768127
98768672
98768004
92792802
92791289
92797145
92793050
92798720
98768502
98768253
92792103
98768471
98768513
98768034
98768004
98768833
92795701
98768704
98768957
92792529
98768774
92793803
98768236
92799369
92798208
98768841
92792613
98768493
92795941
98768798
92798387
98768146
98768528
92795794
98768946
92798877
98768733
92792872
92792878
92792154
98768371
92795999
98768847
98768512
98768943
98768434
98768668
98768682
98768458
98768187
98768951
98768809
92790721
98768084
98768584
92791974
98768294
92794926
98768403
92797650
98768268
92795010
98768835
92791400
92794112
98768273
98768168
98768872
92797602
98768368
98768947
98768934
98768370
98768495
92793687
98768316
98768805
98768629
92793426
98768101
92793927
92793552
98768268
98768829
98768540
92795486
98768958
92794617
98768883
92791795
92791002
98768399
98768921
92796628
92791047
98768414
92798053
92793581
98768237
92798203
98768719
92796823
98768927
92795647
98768132
92797372
98768404
98768699
98768170
98768888
98768018
98768556
98768888
92797259
98768206
98768305
98768441
98768556
92790151
92790006
92798258
92793576
98768341
98768333
92792851
92797493
98768950
92790962
98768893
92791368
98768191
98768874
92798591
92797706
92791357
92792636
98768224
92793778
98768378
92796201
92792771
92793881
98768030
98768329
98768388
92799178
92797215
98768050
98768683
92795155
92797837
98768015
98768051
92793895
92791941
98768230
98768310
92795553
92794871
92798748
92790629
98768510
92795755
92791673
92791892
98768508
98768756
92793802
98768259
92796379
92792026
98768120
92795174
98768768
98768519
98768979
92794658
98768867
98768560
98768286
92794997
98768859
92790450
98768230
92790718
98768945
92797458
92796651
92790759
98768070
92799347
92796501
92793096
98768349
92794724
98768751
98768554
98768216
92792785
98768826
92796668
98768182
92796428
92790585
98768122
92799811
92798537
98768260
92797568
92791543
92796550
92795030
92790288
92792211
98768093
92799400
92795278
92790214
92791151
98768122
98768393
92798048
92798184
92793539
92797629
92793799
92795920
98768102
92797116
92795975
92796896
98768183
98768306
98768603
92796465
92794984
92791740
92790729
98768466
98768315
98768851
98768053
92795844
92796031
98768601
92795571
98768156
92798705
98768546
98768626
92797885
98768148
98768225
92794720
92797694
98768153
98768264
92792865
98768530
92793023
98768529
98768610
98768315
98768366
98768827
92798600
92795966
98768834
92796770
98768031
92792658
98768451
92799566
92795409
92791917
92798281
98768694
92793578
92792488
98768055
98768080
98768521
92798575
92794868
98768290
92799667
98768451
92796079
98768034
98768879
98768491
98768520
98768160
92799605
92798529
92799442
98768280
98768692
98768327
92794186
98768373
98768990
92792182
92790802
98768811
92798772
92795358
98768564
98768837
98768162
92795539
92792777
98768896
92794637
92798983
98768005
98768842
92791568
98768408
98768172
98768666
92792585
98768138
92797756
98768460
92793509
92798034
98768353
98768495
98768910
98768362
92793277
92793748
92798104
92792352
92791526
98768712
98768970
92799176
98768000
98768926
98768404
92797799
92794507
92796077
98768741
92796534
98768467
98768131
92793201
92792520
98768503
92795153
92796549
98768023
98768530
98768421
98768830
92797941
98768237
98768146
92791590
98768054
98768483
98768334
98768311
98768765
92793030
92791633
92799927
98768874
92792651
98768381
98768819
92797322
98768929
98768554
92799149
92797242
92790154
98768186
98768776
92794774
92794132
98768181
98768496
98768564
92796236
92793519
98768213
98768574
98768899
92790720
98768369
92793560
92795856
98768098
98768094
98768259
92799463
98768683
98768454
92798112
92797560
92793916
92790347
98768762
98768389
92796582
98768239
92794339
92792125
98768642
92791412
98768880
92796474
92790748
98768738
92790095
92797971
92794599
98768702
92791899
98768191
98768353
92794218
92792229
92790881
92797433
92796202
98768170
92791343
98768344
98768504
92791727
98768467
92793720
98768301
98768408
98768712
98768460
92791775
92792168
92790779
92798481
98768925
92798010
92790197
98768590
98768415
92790219
92798167
92795144
92793297
92793817
92791649
98768155
98768819
92796899
92791210
98768883
98768229
92792045
98768036
98768351
98768064
98768154
98768108
98768995
98768967
92792027
98768430
98768302
98768896
92799142
98768753
98768655
92794800
98768539
98768287
92798049
92799369
98768489
92796675
92791506
98768504
92792749
98768018
98768769
92793522
98768646
92798427
92792868
98768830
92798090
92792820
92790626
98768660
98768911
98768725
98768173
92796315
92794488
92798933
98768154
92793158
98768623
92795157
98768443
92794797
92798306
92799100
98768346
92794519
98768187
92797810
92797639
92793444
92791542
98768237
98768057
92792435
98768334
98768401
92793795
98768910
98768992
92791030
98768074
92790401
92790636
92798773
92790758
98768917
98768700
92791633
98768675
98768331
98768446
98768197
98768501
92790107
98768074
92797562
98768086
92796286
92797153
92795404
98768698
98768666
92791606
98768078
98768836
92794120
98768177
92799008
98768229
92790656
92790575
92799453
98768883
92796028
92798205
92792034
98768919
92795442
98768022
92793098
98768849
92797195
98768556
92791360
92791729
98768947
92790923
98768053
92796033
98768781
92790155
92793794
98768907
98768834
98768029
98768586
98768698
98768507
92790058
92795145
92796243
92792068
98768741
92796809
92796963
92793475
92793520
92794390
98768026
92790064
92793916
98768483
98768043
92793072
92793587
98768477
98768663
98768536
98768877
98768813
98768740
92791883
92797709
92792007
92796933
92794944
92798134
92798220
98768697
98768282
92799790
92792063
98768713
98768319
92798993
92799886
92798933
92795918
98768747
92799705
92791940
98768198
92791351
92790339
92797650
98768013
98768601
98768360
98768079
92799877
98768224
92795627
98768971
98768689
98768201
98768038
92792681
92798047
98768406
98768100
92790135
98768791
92799733
98768105
92791664
98768666
92794863
98768720
98768252
98768538
92796468
92793610
92798435
98768012
92790467
98768242
98768465
98768882
98768407
92794505
92792741
92791987
92794064
98768380
98768207
98768232
92792342
98768869
92792136
98768996
98768774
98768456
92796231
98768964
92796104
98768119
92793255
98768604
92797232
98768178
98768316
98768125
98768131
98768368
92790169
98768731
98768745
92793984
92792124
98768762
92792558
92798891
92792644
92794970
98768919
98768717
92797266
92796907
98768150
92792656
98768953
98768736
98768659
98768708
98768559
98768553

98768106
98768256
98768327
98768761
92796789
92795390
98768896
92791437
98768484
92797949
92790907
98768613
92794587
92790356
92790074
98768364
98768446
98768184
92797843
92791047
98768443
92792872
92794138
92792715
92790169
98768086
92795826
92795985
92794691
92793798
92797291
98768916
92799042
98768964
92799090
92795610
92793397
92795591
92792504
92798993
98768847
98768426
98768816
98768092
98768211
98768972
92794473
92797758
92793504
92792049
98768677
98768578
98768265
98768034
92791905
98768176
92798992
92797739
92799604
98768228
98768895
98768828
92790808
98768270
92797346
92794107
98768973
98768037
92797745
98768600
92797124
98768931
98768704
92791350
92793141
92792346
98768037
98768380
92796421
98768844
98768554
98768225
92794455
98768404
98768003
92798213
92796486
92799993
92799494
92797086
92798212
98768610
98768513
98768997
92796406
98768931
98768928
92791644
98768221
92792082
92798482
92795149
98768810
92790613
92794039
98768465
98768789
92797406
92793785
92795359
92791976
92790289
98768314
98768851
98768086
98768992
92796491
98768305
98768561
98768089
98768561
92797654
92790039
98768231
92796832
98768634
92792204
92797363
98768565
92795172
92791209
98768522
98768389
92794978
98768253
98768303
98768773
92794703
92790489
92794868
92790691
92791126
98768767
98768516
92792212
92798225
98768360
92793951
92796353
98768140
98768634
92799931
92797515
98768230
98768498
92790429
98768678
98768934
92797095
98768358
98768300
98768724
98768106
92797746
98768545
98768743
92793101
98768762
92791986
92794556
92797807
92792750
98768825
92793040
98768919
92797187
92795476
98768190
98768938
98768694
98768052
92798723
92790619
98768384
92793668
98768249
98768019
92797615
92797755
98768727
98768768
92795607
98768075
98768604
92792604
98768065
98768432
92793682
92796784
98768350
92798844
98768301
92797176
92797198
98768727
92795270
98768622
92798984
98768334
98768698
92790630
98768264
98768010
98768402
92791529
92790174
92793228
98768414
92796313
98768303
92796396
92794719
98768237
98768540
92795760
98768178
92796185
92798157
92790912
98768846
92793826
98768280
92791174
98768164
92794110
98768623
98768275
92798154
92794205
92797983
98768852
92795211
98768448
98768908
98768341
98768272
92799453
98768693
92795561
92797733
98768057
92798587
92796574
98768081
98768381
92796176
92798682
98768022
98768756
92796243
98768314
98768945
92798588
92790496
98768435
98768178
92796118
92792842
92790523
92794833
92792654
92797920
98768417
92796792
98768838
98768597
92790875
98768441
92797884
98768454
98768355
92790671
92797452
98768258
92795174
98768271
98768210
92799002
98768009
92793183
98768833
98768487
92793536
98768266
92795807
98768707
98768550
92790110
92795700
98768059
98768157
98768112
92795047
98768408
92790004
92790451
98768149
98768777
98768894
98768310
92793756
98768041
92790063
98768033
98768669
92791992
92799486
92791792
92799364
92797666
98768250
92799637
98768381
98768611
92798355
98768402
92797182
92792081
98768908
92795464
92799564
92797214
92793840
92793947
98768038
92794216
92792798
98768671
92799564
98768997
92792769
92790321
92796615
92797393
92793038
92792683
92796001
98768095
92793988
92790654
98768221
92796762
98768122
92794078
98768495
92799228
98768680
98768880
92790457
92792995
98768306
98768999
92796418
92799046
92796267
92798794
92792284
92793334
92797153
92797493
98768558
98768566
98768333
92791197
98768070
92798955
92796363
98768799
92793041
98768718
92790718
98768426
92793323
98768576
98768735
98768211
92796807
92797153
92796257
98768803
98768151
98768374
92799277
98768333
92797808
92797024
92793872
98768286
92791433
98768671
92790685
98768847
98768190
92792254
92791727
92796627
92795720
92790928
92796177
92797553
98768003
98768288
98768000
98768354
98768890
92797860
92790423
98768072
92795999
92799400
98768152
98768784
98768524
98768026
92794490
98768786
98768274
92797553
98768216
98768484
98768170
92791685
92792205
98768300
98768989
98768290
92791178
98768897
92799904
92791209
92796900
92795446
92794483
98768629
98768944
98768255
92790304
98768247
98768504
98768597
98768541
92796476
98768761
92798292
98768310
92791879
98768552
92795037
92794963
98768214
98768114
98768587
92791623
98768790
92792250
98768218
98768263
92794128
92790642
92792607
92796877
92798536
98768212
98768502
98768367
92797884
92798353
92799176
92796378
98768889
92798401
92795746
92797778
98768261
92790777
98768573
98768972
92797962
92791534
92799026
98768743
92798312
92795961
92795464
92792656
98768072
92795779
98768789
92791490
98768990
98768030
92791857
98768505
98768361
92797326
98768017
98768058
92796512
98768187
92797599
98768036
92794839
98768458
92794851
92799564
92795433
92797165
92794485
92796573
92792940
98768346
92795276
92792070
92791270
92790015
92791594
92792465
92794765
98768099
92793886
92799382
92798900
98768033
92796508
98768949
92795876
92794172
92796757
92799153
92799084
98768522
98768225
98768268
92796570
98768066
92796794
98768174
92796707
92791877
98768695
98768945
92797303
92799304
98768803
92795884
98768842
98768883
92797356
98768550
98768152
98768248
98768725
98768974
98768715
98768045
98768907
98768947
98768880
92795943
98768360
98768907
92793981
92793398
92798241
98768804
92796270
92796017
92793515
98768871
98768100
92791913
92790730
98768812
92799490
92796994
98768152
98768766
92799126
92791845
92792611
98768156
98768777
92794343
92797700
98768313
92790641
92790779
92790069
98768409
98768094
92792192
92793323
92799840
92799966
98768929
92793508
92790959
92799858
98768993
98768539
92797015
98768555
92790942
92799951
98768601
92799856
92793608
92793438
98768529
92796374
98768201
92797784
92790502
98768067
92799074
92791748
98768220
92799844
92799113
98768064
98768632
98768083
92793115
92790850
98768477
92797608
98768778
98768861
98768368
98768542
98768885
92795365
98768327
92796649
92796940
98768821
98768858
92799264
92790384
98768078
98768761
98768855
92795278
98768220
98768250
92795030
92795358
92799295
92792908
92790474
92798097
98768417
98768743
98768195
92793537
98768162
92790116
98768814
92795484
92795874
92792126
92794642
92793768
98768311
92792621
98768869
92795537
98768365
92794068
92790594
98768407
98768947
98768153
98768213
92790332
98768552
92794374
98768931
98768569
98768480
98768351
98768491
92791967
98768901
92792152
92793690
92792655
92797381
92790669
92794090
92797592
98768748
98768474
98768978
92797754
92793832
92790494
98768094
92795016
98768666
98768513
92796695
98768009
98768814
98768635
92797672
92797738
98768004
98768329
92791493
98768645
98768325
98768186
92790670
92792553
92793645
92792293
98768332
98768415
92793597
92799958
92798210
98768021
98768352
98768421
98768788
98768080
98768020
98768063
92790794
98768814
98768877
92798772
98768727
92799899
92795999
92793875
98768884
92798042
92797302
98768280
98768870
98768986
98768906
92799482
92792671
92793592
92791550
98768709
92798884
98768233
92799099
92795409
98768587
92793316
98768965
92799371
92790958
92797204
92790294
98768185
92791141
92799190
98768680
98768339
92797085
98768523
98768435
98768648
98768931
98768044
92791035
98768018
98768103
98768395
98768799
92791317
98768452
92795509
98768143
98768823
92794675
98768933
92793186
92796855
92794184
92793608
92799917
98768137
98768265
92794036
92796471
92797983
98768309
98768061
92793555
92799658
98768451
92794872
98768772
92791533
92790096
92795199
92791580
98768474
92792554
98768930
92794434
98768210
92793471
92795909
98768187
92795748
92799530
92790876
98768050
92799931
98768996
92797106
98768421
98768612
98768095
92797829
92791818
98768233
92791927
98768453
98768331
98768261
98768128
92798859
98768580
98768222
98768558
98768495
92796767
92797873
92799266
98768604
98768952
92795180
92795506
92794534
92796683
92798530
98768940
92797123
92791862
92797943
98768939
98768569
92798677
98768399
98768417
98768853
92791642
92799830
98768015
92794246
98768531
98768308
98768936
92798954
92799757
92791400
92796984
92795996
98768600
92791032
98768296
98768270
98768864
92793034
98768893
98768948
92797667
98768751
92793269
98768118
98768791
92795487
92798669
92790229
92796584
98768339
98768076
98768282
92792635
98768318
98768996
92794097
92796115
98768302
92797836
92795052
98768150
98768376
98768941
92790848
92799193
98768954
92792263
92796235
92790267
98768304
98768474
98768979
98768612
98768057
92799232
92795886
98768712
92790397
92796585
92798037
98768875
92796991
98768804
98768648
92791947
92798407
92799293
92792355
92795576
92791458
92797629
98768575
98768481
92792932
98768621
92795451
98768930
98768569
98768574
98768999
92791828
92798046
98768774
98768562
92794406
98768541
98768604
98768180
98768677
92793994
92799964
98768367
92797646
92792514
92797122
98768431
92797738
98768521
92793027
92796480
92791470
98768856
92798335
98768012
92794401
92798364
98768998
98768734
98768505
98768352
92796361
98768711
92790322
92798256
92796308
98768785
92792691
98768767
92797887
92795685
92791753
98768615
92794053
92793852
98768823
98768943
98768328
92793050
92793546
92798851
98768315
98768664
98768141
92790557

92791941
98768918
98768500
98768806
92793576
98768562
92795358
92791339
92796308
98768113
92797672
98768620
92797063
98768219
98768824
98768622
98768867
92792958
98768275
92798882
92793275
92798285
92790540
98768498
92799459
98768270
98768781
92798501
92791881
98768737
92791110
98768049
92798501
92793111
98768889
98768924
98768503
92790683
98768699
92797625
92790844
98768608
98768729
92792264
98768971
98768278
98768705
98768714
92793218
98768089
92797733
92797984
98768609
92799092
98768642
98768903
92794802
92792747
92796600
98768177
98768641
92799833
98768879
98768634
92797437
92791732
92799177
98768759
98768741
92797977
92797872
92793893
92795788
98768451
92797352
98768623
92793493
98768644
92798834
98768682
92792294
92791110
98768139
98768904
92790129
92797960
98768600
92790910
98768146
92795731
98768971
98768870
98768863
98768811
92797688
92793542
92797337
98768771
92794024
92795402
98768316
92795651
92790487
92796076
98768210
92791987
98768089
98768024
98768861
98768924
92791820
98768384
98768655
98768727
98768480
98768446
98768864
98768694
92791135
98768135
92799846
98768279
92791820
98768388
92792006
92792891
98768916
98768306
98768741
92796722
92791335
98768255
98768189
92793817
92795478
92799039
98768880
92799852
92794895
92795795
98768766
92797157
92796321
98768127
92791784
98768385
92796096
98768930
98768290
98768292
92792036
92795455
92797280
92790563
98768969
92793759
98768877
92795267
98768816
92791909
92796840
98768190
92796276
92794532
98768773
92798738
98768444
92793831
98768099
92795795
92792898
98768434
98768853
92790723
98768118
98768850
98768723
98768312
98768591
98768841
92791320
98768702
92798986
92795978
92798068
92791120
92790619
92799288
92797024
98768471
98768065
92799804
98768396
98768758
92795509
98768880
98768634
98768230
98768394
98768322
92795084
92792726
92799360
92799240
92796457
98768007
92795458
92790616
98768113
98768701
98768137
98768073
98768527
98768704
98768920
92797005
98768438
98768931
98768763
98768350
92797997
92798160
98768817
98768193
98768017
98768492
92799863
98768979
98768126
92799835
92796156
92799034
98768683
98768404
92792685
92798602
92792120
92795419
98768958
92795118
92792858
98768849
98768186
98768608
92795549
98768464
98768179
92791058
92799206
92792225
92797263
92796899
92797635
92792453
98768604
92792140
98768559
98768768
98768087
98768891
92797693
98768955
98768332
92791297
92791962
98768039
92796071
92793578
98768068
92792229
98768727
92797606
92799880
98768657
98768202
98768590
92790102
98768955
92790232
98768489
98768163
92796988
92798919
92796496
98768016
98768817
98768952
92797571
92799220
98768789
98768507
92796820
92794290
98768862
98768831
92792547
98768560
98768326
92794573
92799259
98768731
98768331
92797150
92793197
98768240
92791942
98768624
98768646
92798114
92792675
98768085
98768185
98768623
98768749
98768494
98768370
92796708
92798984
98768998
98768546
98768687
98768267
98768159
98768246
92790687
92794614
98768359
92796143
92790012
92792942
92790673
98768807
98768677
92796048
98768566
98768903
98768207
98768118
92791644
98768152
98768266
92793813
92793257
92796296
92790327
92794108
98768455
98768030
98768582
98768483
92796673
98768151
98768596
98768048
98768008
98768948
92792740
98768795
98768290
92796451
92791070
92799464
92792061
92796652
92795756
98768289
92792308
92798942
92798227
98768122
98768279
98768986
98768210
98768592
98768707
98768330
98768947
98768306
92797080
98768407
92790643
92792575
92794587
92795144
92798916
92792539
92797847
98768060
92790218
92790752
92793481
92791745
92792245
92793860
92794949
98768411
98768300
98768568
98768722
98768495
98768165
98768494
98768257
92792904
92794280
92794507
98768433
92798609
92796533
98768667
98768474
98768288
98768628
98768639
98768220
98768650
98768046
92794588
98768295
92796638
98768911
92795148
98768482
92790282
98768389
98768216
98768896
98768401
92797368
92792968
92792810
92796940
92795323
98768318
98768496
92793700
92794310
92799190
98768705
98768908
92791653
92791612
92790253
98768705
92793705
92797067
98768148
92793652
98768974
92793666
92795061
98768161
98768695
98768364
92790421
92795609
98768200
92790176
98768750
98768973
98768667
92797677
98768768
92794080
98768591
98768021
92794035
98768017
98768341
98768966
92797190
92799103
98768933
98768436
92798089
92790959
92790525
98768938
98768882
98768791
98768139
98768130
92797527
92799801
98768833
98768849
98768482
98768466
92792285
92792646
98768103
92793434
98768861
98768101
98768121
98768983
92792354
92798503
92794637
98768135
92791128
92795478
92797985
98768115
98768171
98768103
98768343
92799685
92790254
98768038
98768902
92799534
98768061
92796324
98768962
92796843
92799963
98768304
92793430
92798616
92790550
92794968
98768445
92795195
92792731
98768540
92795571
92797422
98768891
92791459
98768538
92792084
92790689
92798715
98768891
92793849
98768036
92798300
92794350
92796515
98768379
92791759
92793874
92794864
98768675
92796136
98768679
92794579
92797370
92792588
98768112
98768895
92799413
98768393
98768726
92795038
98768269
98768087
92791992
98768979
98768372
92797753
98768215
98768153
92796339
98768992
98768876
98768528
92791388
98768131
92798193
98768922
92798234
92795516
98768963
92796681
92791673
98768715
98768457
92790005
92793429
98768173
98768585
98768439
98768195
92792372
98768437
98768028
98768695
92798567
92791455
98768488
98768629
98768626
92795589
98768855
92797596
98768332
92790505
92795002
98768991
92795729
98768788
92798347
92790342
98768321
98768142
98768461
98768214
98768397
98768508
92793569
92799456
98768849
92790141
92791052
92797514
98768510
98768487
92796139
92790575
92794674
98768826
98768182
92792321
98768854
92792618
98768915
92791253
92797685
92799746
98768022
98768913
92794828
92792083
98768755
92796429
92791353
98768606
92798465
98768366
92792222
98768126
92797056
92793854
98768012
92793202
92794940
98768410
98768321
98768446
92796301
98768774
92795516
92795605
98768927
98768916
98768777
98768567
98768791
92791567
92795604
92791911
98768610
98768864
92798720
98768713
98768533
92796599
92790712
98768509
98768530
98768548
98768523
92798756
98768166
92792720
92790703
92790909
92797344
92793385
98768777
98768672
98768443
92792578
98768683
92791622
92799735
92797584
92799125
92793498
92791592
98768249
98768081
92790981
98768205
92795480
98768283
92798264
92795553
92790958
92791575
98768213
98768269
92799613
92797429
98768765
92797944
98768950
98768649
92792255
92796447
92799859
92790764
92792068
98768557
92799689
98768148
92798399
92790685
92795066
92799934
98768751
92797018
98768266
98768347
98768569
98768294
92790598
98768132
92799549
98768639
98768509
92794163
98768264
98768439
92797815
92799174
92796864
92796454
98768640
98768717
98768358
98768743
98768365
92797017
92794962
98768927
98768949
92799841
92792582
92791017
92790452
98768359
98768129
98768882
92793262
98768275
92796298
98768387
98768032
98768266
98768499
98768116
92796228
92797937
98768010
98768187
98768667
98768276
92795855
92792689
98768850
92792281
98768600
92793335
92790430
92797698
92797069
92794631
98768418
92799123
92798747
92799936
98768147
98768976
92790316
98768237
92794418
92797493
92798651
98768379
92793452
98768227
98768889
92792569
92795357
92798366
92799607
98768685
92799166
98768284
98768234
98768086
98768136
92793672
92791537
98768578
98768346
92798421
98768930
92799133
98768859
92798133
98768449
98768415
98768600
98768957
92798623
92791439
98768416
98768761
92794420
92796507
98768478
98768692
98768940
92794785
92796706
98768100
92798347
92795713
92795313
98768241
98768622
92791394
92793323
92799920
92799434
98768312
92798608
98768027
92793219
92790777
98768258
92793913
98768016
92798964
92790460
92796542
98768043
92798516
98768223
98768650
98768780
92798536
92797378
98768856
98768496
98768433
92799116
92798199
92793411
92790339
98768531
92792584
92792646
98768706
92790888
92790787
98768873
98768335
92795439
92794545
92798638
98768746
92798930
98768178
98768751
92795290
92797469
98768258
98768149
92798531
98768734
98768041
98768900
92790671
98768890
92793347
92796428
92790881
92799731
92794279
92790285
92796862
98768488
92799784
92796402
92797791
98768129
98768780
92793872
92790019
92790617
92798418
92792081
98768421
98768217
92799771
98768481
92799659
92793977
92790198
92795576
98768223
92795238
98768838
92799531
98768564
92798068
98768331
92799494
98768133
92790225
98768516
98768511
98768853
92799051
98768673
92790068
92792451
98768841
98768558
98768906
92795625
92794333
98768479
98768448
98768234
92791408
92792519
92793433
92792746
92797962
92791099
92790072
98768365
92798068
98768241
92795746
92792599
98768471
98768354
98768530
98768787
98768594
98768749
98768618
98768701
98768775
92794271
92798482
98768130
92799117
92796807
98768864
98768183
98768683
98768193
92791148
92798362
98768520
98768680
92791538
98768245
92795981
98768424
92797481
92794446
98768272
92796980
92795056
98768097
98768057
92791021
92795940
92798360
92799259
92792110
92791818
92796863
98768264
92797128
92797786
92793250
98768698
92796342
98768121

92795076
98768656
98768390
98768962
92795708
98768064
98768752
98768293
98768274
92792017
92797085
98768971
92794728
92796655
92795728
98768514
98768483
92792428
98768339
98768263
98768247
98768637
92798414
98768026
98768537
92791929
98768805
98768247
92793824
92798976
98768148
98768482
98768962
98768734
98768333
92795522
92792460
92794663
92793646
92798341
92797410
98768751
92794265
92796610
92796396
92793047
98768643
98768976
92796859
98768697
98768101
92796360
98768925
98768603
92797668
98768731
98768155
92793521
92792132
98768801
92798737
92791015
92798203
92794406
92796082
98768958
92796811
92794814
98768186
98768042
92796577
92792126
92798134
98768513
92790157
98768564
98768232
98768802
98768821
98768062
98768871
92790101
92799066
98768673
92798135
98768657
92790188
98768201
98768769
98768231
92796920
92796745
92799374
98768930
92790641
98768492
98768250
92790313
92797404
98768540
92799616
92795746
98768019
92798994
92797289
92795616
92790838
98768981
92794854
98768172
92795077
98768845
98768446
98768047
92796875
98768720
98768762
98768980
92799174
98768208
92795337
92796267
98768409
92798036
98768889
92793687
98768233
92796239
92796770
98768537
92790299
98768792
98768357
98768157
92797211
98768201
92793713
98768071
92797363
98768072
92794280
98768104
92797188
98768576
92790758
92794797
92793770
98768073
92799956
92799508
92792986
92795221
92793196
98768409
92790177
98768470
92791172
92798394
92792184
98768951
98768460
92790387
98768017
98768985
92793779
92796244
98768429
98768157
92794026
98768417
98768641
98768180
92794286
92799500
98768374
98768080
98768715
92797381
98768042
92798798
98768873
98768387
98768804
92792759
98768253
98768086
98768000
92797998
98768763
92795425
92795668
98768021
92797782
92795013
98768624
92791506
98768479
98768060
98768681
92791351
92792713
92797771
92794851
98768511
98768728
92797566
92794674
98768558
98768019
92794332
92798636
92795825
92794241
98768407
92792684
92797657
98768455
98768370
92796112
98768724
92790129
92792500
98768568
98768112
92796452
98768840
98768332
92797475
92790261
92797476
98768917
92793202
98768608
98768573
98768618
98768161
98768005
98768651
92797401
92794866
98768892
92799039
92795425
92790961
92793722
92798702
92792653
92791691
98768158
92791103
92799707
92799509
98768625
98768842
98768898
98768043
98768550
98768207
92798242
98768000
98768463
98768376
98768825
92798669
98768260
92791816
98768578
92796913
98768951
98768231
92792059
92799185
98768424
92796478
92797078
92790877
98768444
98768454
98768635
92796331
92795966
98768306
92798993
92798298
92797574
98768755
92790658
92799360
98768985
98768836
92792522
92797244
98768371
92798636
98768845
92790361
98768600
92796411
92796180
98768983
98768074
92798102
92795291
92791408
92795284
92792884
98768672
98768388
92794849
98768732
92790739
92799439
92792773
98768110
98768737
98768940
92797797
92799874
98768518
98768087
98768477
98768373
98768748
92795865
92795100
98768937
98768854
92794901
98768927
92792949
98768391
98768165
98768300
92798207
92791663
92795256
98768492
92796090
98768519
98768916
98768988
92790820
98768990
98768275
98768381
92797438
98768481
98768748
98768745
98768559
98768343
92793885
98768852
98768776
98768359
98768511
98768071
98768630
92799218
98768124
92794613
98768886
92794458
92790762
92796384
92793055
98768318
98768312
92799431
92797236
92793152
92792127
98768015
98768703
98768191
92799086
98768245
98768996
92797664
98768328
98768699
98768985
92795173
92792962
98768711
98768211
92799125
92797804
98768131
98768839
98768111
92791182
92795406
92797493
98768365
98768371
98768716
92793283
98768595
98768542
98768834
92796685
98768636
92794154
98768617
98768424
98768172
92799362
92796867
92798460
98768941
92793256
98768160
98768253
98768342
98768521
98768494
98768960
98768741
98768150
98768649
98768237
92799888
92793284
92792161
92792664
92798236
98768369
92798943
98768034
92799249
98768605
98768214
98768874
98768674
92792169
98768468
92799058
98768656
92790754
98768413
98768737
98768896
92797102
98768684
98768408
92791219
92798426
98768099
98768984
92792925
92792460
98768559
98768496
92794139
98768223
98768377
98768524
98768544
92796652
98768903
92799251
92792645
98768301
92796634
98768738
92798497
98768295
92793604
98768629
92797443
92794785
98768464
92796474
92790174
98768482
98768052
92793401
92790443
98768658
98768999
92791379
98768676
92793974
98768498
92793684
92795522
98768971
92790128
92790533
92798925
92793750
92796664
98768428
92797022
92798840
92798579
92793223
92798204
92792326
98768202
98768233
98768564
92799899
92797209
92796981
98768518
98768645
98768876
98768849
98768241
98768410
92795381
98768097
98768380
98768878
98768166
98768561
92795782
92792824
92793070
98768483
92796265
98768285
92794834
92794816
92795414
92793572
92790181
98768490
92796980
92791382
92797813
98768782
92794487
98768734
92795348
92797517
98768291
92799139
92792823
92799606
92797620
98768601
98768738
92795200
92792495
92798856
98768846
92795500
92799747
98768817
92796125
92798178
92799530
92795811
92790544
98768298
98768689
92798403
92792526
92795988
92793713
98768279
98768361
92798622
92795853
92792591
92797574
92794027
98768940
92793413
92795370
98768591
98768130
98768772
98768516
98768287
98768852
98768465
98768425
98768415
92790572
92794364
98768788
98768109
98768790
92793786
98768045
98768545
92791337
98768149
98768877
98768388
98768339
92795305
92797759
98768050
92796832
92794911
98768356
92797950
98768823
98768999
98768961
98768729
92790605
92793924
92794366
98768975
98768244
92798346
92794235
98768132
98768566
98768421
92796867
92798812
98768813
92793786
98768303
98768172
98768963
98768740
98768447
98768116
98768327
92791701
92798887
98768573
92794631
98768088
92792135
98768871
92792459
98768491
98768699
98768859
92799911
92793652
98768915
92797004
92791985
92790601
92792811
98768578
92795569
92798474
92796403
98768847
92799437
92796207
98768779
92793036
98768368
98768360
92799633
98768774
98768014
98768207
98768776
98768262
98768866
92793939
92794134
92793911
92790021
92797476
98768058
98768915
98768157
98768596
98768733
98768770
92794025
92795125
92791820
92798147
98768899
98768959
98768934
92794824
98768731
98768317
92793689
92791265
92790700
98768141
98768747
92797875
98768655
98768480
98768011
98768623
92794583
98768982
92790690
92796219
92791451
92797448
98768462
98768704
92793120
98768732
98768625
98768163
98768482
92794869
92796766
92797731
92791502
92798310
98768894
92794403
98768412
98768668
92791052
98768039
98768703
98768345
98768370
92791999
92799345
92798656
92798530
92798949
98768542
92796266
92799965
92795154
98768283
98768833
98768177
98768876
98768118
92794076
92798544
92791356
98768947
92791883
92799227
98768696
92790991
98768331
92794725
98768338
98768272
98768648
92798553
92794675
98768749
92797757
92790187
98768331
98768932
92790796
98768303
98768531
92798386
92799935
98768107
98768498
98768655
92790667
92796442
98768575
92791733
92792311
92799682
92799626
98768334
98768061
98768245
92793978
92793097
92797616
98768841
92795085
92796747
92793131
98768909
92790928
98768581
92790841
98768302
98768383
98768434
98768943
92792406
92798684
92799952
98768625
98768231
92797338
98768280
98768928
98768021
92794998
98768541
98768184
98768043
98768401
92793504
98768840
98768756
92796638
92794954
98768416
92793514
98768008
92797447
98768352
98768884
98768467
98768402
98768715
92793550
98768973
98768265
98768717
92798392
92790264
98768199
92799339
92790787
92793287
92791999
92792864
92790892
92792819
98768247
98768232
92799028
98768536
98768138
92793143
98768082
98768395
92798144
98768457
92792545
92793487
98768767
98768279
98768177
92797506
98768402
98768992
92796338
92792177
92794958
92795425
98768345
92791531
92794467
92798863
92793503
98768429
92792298
92796657
98768797
92794909
92793997
98768894
92794390
92790543
92792183
92795088
92795763
98768364
98768953
92798420
92795652
92798821
98768144
92793806
92794983
92790303
98768738
92795044
98768621
92798147
92798178
98768266
98768680
92798350
98768334
92790578
98768434
98768216
98768699
98768131
98768335
98768633
98768095
92795673
98768901
98768213
98768562
98768364
92795883
98768568
98768482
92793515
98768494
98768655
92796586
98768813
92791886
92797375
98768323
92797033
98768669
92792950
98768304
92793800
98768635
92790162
92796291
92796291
98768932
98768688
98768980
92797639
98768646
98768763
98768740
98768939
92795147
98768056
92799130
92797084
92797042
92793489
92790020
98768123
92791157
92796865
98768908
92797898
98768354
92790305
98768277
92796345
92799888
92792722
92798267
98768277
92799192
92794306
98768399
92793043
98768993
98768072
98768321
92792157
92795425
98768849
98768111
92791010
92792683
98768223
98768718
92799818
98768989
98768142
92798122
98768621
98768975
98768033
92792431
98768538
98768932
98768893
92796944
92799766
92790911
98768692
98768187
92799646
98768098
92795509
98768066
92799164
92795123
92790533
92796642
98768896
98768672
92790163
98768037
98768360
98768309
98768704
98768685
98768558
92794198
98768622
98768410

92796564
92797144
98768323
92790910
98768991
98768516
92799039
92793729
98768592
92798121
92792215
98768360
92792266
98768967
98768707
98768487
98768571
98768946
92799119
98768801
98768332
98768716
92793531
98768972
98768540
92794970
92795081
98768053
92799170
98768550
98768790
98768356
98768790
98768246
92796394
98768358
92795030
92799407
98768309
92796994
98768876
98768052
98768582
92795517
92791081
98768346
92797138
98768089
98768778
92798671
98768988
92790896
92791959
98768884
92791817
92799915
98768213
98768767
92797495
98768734
98768581
98768562
98768888
92799766
98768251
98768918
92795338
92795838
92790599
92796244
92795590
92793724
92792991
98768435
98768380
98768271
92797060
92791635
92797156
98768452
98768055
98768500
98768027
98768706
98768451
92791640
92798695
98768488
92791413
98768323
98768522
92795540
98768778
98768268
92795359
98768212
92795107
92793476
98768659
92795459
92794265
98768413
98768510
92791781
92795455
92790965
98768613
98768114
98768742
92798701
92797826
98768007
98768345
98768920
92796090
92798625
98768188
92791484
98768775
92791276
92797080
98768519
92798978
98768161
98768664
92792843
98768734
98768577
92794591
98768644
92792121
98768234
92796906
92794373
92797762
92797362
92791988
98768409
92798488
98768735
92795445
98768182
98768643
98768200
92792641
92793678
92798421
98768599
92791080
92796999
92790735
92792776
92792474
92796988
98768376
92799158
92797735
92795550
92795639
92793444
98768099
98768788
98768433
98768311
98768237
98768517
92795478
98768964
92793422
98768172
98768919
98768023
92796160
92793237
92797823
98768529
98768470
92794032
92796281
98768037
98768067
98768876
98768139
98768411
92799900
98768217
92791523
92795929
92793798
92797969
98768764
98768823
98768966
92794330
98768951
92795192
98768527
98768347
92792577
92799682
92797009
92798270
98768783
92798612
98768152
92791766
92796249
98768981
98768943
92799778
92792679
92794492
98768467
92799378
98768960
98768764
98768642
98768628
98768500
98768382
98768319
92798848
98768802
98768156
98768995
98768193
92796698
98768931
92791814
92793826
98768943
98768976
98768705
92796309
92795459
92794779
92796640
92791390
98768769
92798473
98768900
92791878
92798961
92794451
98768599
98768256
92799830
98768732
92792086
92790222
98768364
98768403
98768333
98768532
92793660
92796781
92797542
92798545
92794400
92797641
98768353
92799379
98768731
92790054
92793487
98768704
92794668
98768286
98768351
92795700
98768952
98768499
92792160
92790300
98768106
92793451
92791107
98768694
92793050
92791838
92791885
98768166
92792605
98768033
98768513
98768901
98768948
98768662
92790231
98768890
98768430
98768245
92793403
98768510
92794400
98768545
98768029
98768216
92794349
92793791
98768133
92790431
98768938
98768872
92794341
98768635
98768897
92796810
98768801
92790402
98768359
92799003
98768944
98768015
98768070
98768218
92798651
98768247
98768956
98768846
98768480
92798645
92790427
98768360
92794556
98768569
98768122
92792783
98768318
92793736
92798593
98768216
92799462
98768248
98768375
98768048
98768895
98768230
98768392
98768591
92796373
98768458
92798005
92799685
98768766
98768542
92798856
98768904
98768209
92793537
92795091
98768714
92790936
98768864
98768031
92792675
98768721
98768046
98768102
98768842
98768423
98768633
98768700
98768324
98768325
92797286
92794555
92795708
92795296
98768090
92799746
92790864
92796208
98768814
92791564
92793301
98768744
98768670
98768085
92796254
98768502
92799567
92796282
92792177
92796253
98768873
98768401
98768147
98768066
98768584
92799317
92793133
98768467
98768874
98768255
98768887
92798778
92791527
92799671
98768442
92794771
98768586
92796174
98768870
92792746
98768466
98768466
92793358
98768415
98768137
92799407
92795909
98768862
98768795
92798105
98768392
92794751
98768437
92797941
98768298
98768428
92793828
92799799
98768376
92792812
98768701
98768898
92797221
98768012
98768983
92796270
98768305
92798585
92790226
92792951
92796318
92798487
92792655
92799353
98768990
98768533
92791943
98768440
98768735
92793183
92791684
92795626
92798990
92797791
98768834
92790223
98768416
92792197
92798994
92794478
98768880
92797359
98768353
92790084
92798321
98768984
92797664
92799062
98768820
92798244
98768662
98768889
92798084
98768456
92792265
92797011
98768783
92796380
98768517
92799954
92793210
98768144
98768648
98768464
92795237
92798626
98768860
92793417
98768465
98768605
98768142
98768805
98768389
98768039
92794541
92795117
98768401
92795327
92798581
98768523
92790328
92796284
98768849
92798585
98768109
92798904
92793673
92791324
98768760
98768314
92791970
92798292
92796356
98768833
92798592
98768025
92793471
92792388
98768058
98768877
98768132
92797752
92793723
92793360
92790184
92793572
92790752
98768574
92796192
98768958
92795101
92791970
98768274
98768133
98768522
92799481
92793052
98768427
98768706
98768580
98768963
92797610
92794814
98768106
98768979
92790227
98768387
98768129
92796623
98768825
92795668
92791542
92799922
98768604
92790254
98768807
92792784
92797456
98768286
92791857
92799633
98768329
92798031
92795414
98768790
98768171
98768841
98768477
92799676
92793331
92796838
98768580
92793699
98768758
92797378
92797652
92790685
92794527
92791320
98768306
98768601
92796669
92791401
98768948
92792064
98768028
92794810
92793815
98768755
92792223
98768378
92791683
92791264
92798436
92791395
92799264
92797350
92798105
92790260
92795805
98768230
92795623
92793609
92798659
98768758
98768833
98768451
98768763
98768206
92794988
98768587
98768332
92792791
92791966
98768578
98768600
98768358
98768303
92795568
92795159
98768873
98768334
98768078
98768857
98768474
98768707
98768207
98768383
92791662
98768848
98768609
92791611
98768245
98768156
98768813
98768508
98768036
98768971
98768857
98768068
98768388
98768074
92793615
92797480
92796534
98768358
98768224
98768572
98768839
98768699
92796632
92790524
98768884
98768172
98768891
98768524
92799910
98768978
92792797
92799778
98768834
98768253
98768412
98768087
98768948
98768453
92795152
98768292
92798295
92795781
98768772
98768542
98768917
92791674
92790285
98768620
98768024
98768453
98768332
98768070
92794332
92793609
92790990
92799504
92798140
98768542
92794834
98768618
92792268
98768727
92791252
98768025
92792251
92791570
92794930
98768550
98768557
98768222
92790409
92793137
98768770
92795977
92793694
92790524
92794204
98768539
98768996
92792499
98768201
98768728
92790233
98768520
98768185
98768311
92792213
98768739
98768153
98768292
98768822
92799736
92797962
92798821
98768385
98768186
92790587
92792650
98768842
92792824
92790145
98768060
92792758
92793480
92792834
92791940
98768332
92791767
98768973
92792545
98768651
98768395
98768650
92790105
92790626
92792061
98768744
98768165
98768038
92794451
92791921
98768717
98768716
92794178
92794974
92799498
98768051
98768474
98768237
92796401
92791153
92795814
98768000
92792381
98768017
98768142
98768768
92798032
98768197
92796930
98768070
92796518
92790160
92791751
92794426
92799454
92794077
92793169
98768082
92796124
92791278
98768308
98768519
92792059
92794826
98768683
98768380
98768657
98768419
92796704
92796809
98768533
98768318
92790320
98768476
92792232
92791514
98768906
92794619
98768108
92795875
92796660
92795385
92793839
92795497
98768022
98768280
98768944
98768129
98768366
92798959
92798569
98768617
98768974
98768952
92793627
98768353
98768525
92795126
92799927
98768573
92798602
92790161
92790835
92795988
92791017
92792096
98768012
92795230
92791653
98768053
98768246
98768223
92790633
98768117
98768108
92798444
92791206
92797948
98768994
98768892
98768886
98768128
98768124
92792041
98768186
92796102
98768342
98768199
92792828
98768139
98768889
98768703
92797916
98768435
98768137
98768869
98768661
92794040
98768299
98768909
92795553
92794969
98768965
98768243
98768494
98768577
98768405
98768874
92799506
98768488
92795160
98768749
92799758
98768687
98768636
98768334
92798028
92796721
98768364
98768325
92790732
92792176
92797575
98768849
98768910
98768076
92799956
92799416
92795864
98768224
98768697
98768336
98768526
92799736
92796890
92793677
98768706
98768906
98768045
92799023
92792255
92796926
98768519
92793043
92797476
98768784
92799017
98768696
98768270
92794171
98768413
98768869
92799290
92797997
98768421
92790725
92798062
98768724
98768027
92793675
98768696
98768092
92796822
92794922
92793914
92795664
98768958
92791925
98768649
98768270
92796834
98768949
92798244
98768937
98768924
92796733
98768971
98768241
98768543
92793480
92793330
92791265
98768116
92791310
98768810
98768445
98768526
98768327
92797326
92790947
98768156
92790848
98768661
98768804
92793009
92796952
92794413
98768564
98768074
92794557
98768479
92794327
92797505
92795887
98768541
92791829
98768240
92790426
98768150
98768608
98768680
92798299
98768818
98768703
98768744
92791009
92790091
92794281
98768864
92795254
98768081
92796834
92798219
98768279
98768582
92795810
98768928
98768929
92795165
98768078
92795305
98768299
98768770
98768051
92796473
98768322
98768822
98768382
92797288
92796828
92794776
98768507
98768136
92793905
98768771

92795695
98768283
98768617
92797413
92799214
92793131
98768877
98768857
92791961
92792246
92794926
98768646
98768707
92791177
98768862
92796265
92790884
98768849
92790105
98768751
92799509
92797055
92794174
92798193
92791812
98768378
92793834
92797692
92798195
98768997
92793407
98768997
92797036
98768239
92791731
98768582
92797924
98768965
92798539
98768316
98768893
92791460
92792736
98768940
92793453
98768946
98768082
98768928
92793153
98768863
98768747
92796753
98768115
92795633
98768166
92799423
92797476
92793474
92790926
98768311
98768196
92795404
98768025
92790019
92798075
92790710
92792642
98768177
98768292
92792584
92791551
98768418
92793804
92792829
92796337
92798429
98768460
92792361
92795737
98768442
92795848
98768746
92793033
98768686
92795453
92791568
92794712
92792304
92795889
98768087
98768927
92791982
98768238
92799806
98768490
98768083
98768814
92793498
92794949
92790222
98768212
98768398
98768082
98768501
98768456
92797067
92794318
98768527
92792646
98768165
92796310
92799853
92793285
98768739
92796238
92792548
92794481
98768057
98768273
92795791
98768060
92790721
98768480
92791400
92794861
92799155
92791264
92790724
92794435
98768725
92796187
98768715
92799216
98768490
92791693
98768764
92794913
98768838
98768543
98768334
98768913
92796059
92792529
92795980
92796388
98768078
98768454
92794276
92790307
92790616
92792856
98768689
98768091
92790884
92790923
98768959
98768100
98768099
98768097
98768532
92790013
98768749
98768627
98768585
92798762
92799016
92797977
98768820
92798797
98768575
98768992
92798869
98768778
98768219
92790794
92796601
92795572
98768959
98768285
98768781
98768476
98768360
98768915
98768382
98768072
92795758
98768162
98768100
98768954
92794684
98768202
92798135
98768051
92798279
92797373
98768889
92791961
98768128
98768502
98768754
98768672
98768897
92794803
98768907
98768533
98768400
98768328
98768920
98768847
92794071
98768233
92792674
98768964
98768787
92797569
98768521
98768642
92792654
92797648
98768377
92795478
92799740
98768225
98768618
98768788
92799677
92790118
98768621
92793137
92794364
92796438
98768798
92798917
98768167
92797206
98768758
92796661
98768409
92797078
98768730
98768383
92795244
92795632
92793421
92798067
92796524
92791047
92790986
98768537
92798464
98768905
92794536
92797011
92799971
92796172
98768062
98768696
98768875
92799562
98768313
98768716
92799662
92791051
92799145
98768090
92791308
92796694
92798855
98768029
98768740
92799337
98768448
92794206
98768132
92799989
98768051
98768976
98768091
98768327
98768727
98768678
92796298
98768100
98768512
92795127
92794355
98768457
92796904
92792277
92798956
98768139
92799734
98768483
98768376
98768974
92793619
98768219
92795332
98768112
98768831
92798031
92797705
98768864
92796229
98768507
92799112
98768906
98768705
92792557
92793141
92795305
98768669
98768589
92798423
92791543
98768861
92799806
98768469
98768528
92794256
98768057
98768213
98768775
92793512
98768926
98768764
92795026
92798526
92796120
92797321
92792168
92795607
98768783
98768599
92792911
92794834
98768392
98768398
98768827
98768998
98768871
98768032
92793488
98768878
98768067
92795944
92799218
98768903
98768960
98768028
92794780
92794183
92799890
92790300
92790360
92792665
98768269
98768738
92791862
92797200
98768057
98768190
92790620
92797021
92790172
92791295
92799273
92792951
92797233
98768051
92795874
98768782
98768883
92797017
92793012
98768398
92796950
98768437
98768755
98768101
98768256
92790558
98768636
98768331
98768108
92796647
98768719
92790250
98768583
98768158
98768168
98768689
98768389
98768848
98768950
92798160
92790385
92792823
98768560
98768885
92797314
98768534
92797887
92799342
92791288
92798414
98768914
92792414
98768668
98768003
92791418
92795236
98768759
98768900
92798670
92797090
98768055
92797453
98768878
92794088
98768847
92798647
92795804
92796738
98768925
98768318
92798957
98768988
92798290
98768431
98768082
98768811
98768695
92794219
92796914
98768720
92792834
98768575
92795050
98768471
92795783
98768739
92792719
92790819
92794719
98768205
98768180
98768891
98768164
98768141
92793129
98768172
98768380
98768551
92791101
98768126
92791191
98768916
92790775
92799663
98768153
98768680
98768018
92795093
92798669
98768622
92798203
92793963
98768081
92795911
92798044
98768532
98768335
92792902
92790145
92797827
98768460
92798511
92790806
92793191
98768893
98768785
98768257
92795016
92792295
98768960
92799218
98768892
98768347
92791883
98768482
98768855
98768277
98768903
98768500
92795164
98768582
92795806
92797948
98768110
98768231
98768799
92790407
98768798
92799495
92792102
98768486
92790047
98768025
98768336
98768528
92790882
92792884
98768585
92795569
92793740
98768548
92796193
92798192
92795844
98768788
92798315
98768100
92790527
92790471
92796810
98768768
98768369
98768861
98768364
98768269
98768092
98768623
92797251
92796626
92799095
92793388
98768097
98768281
92793222
92792361
98768693
92797885
92798213
92792258
98768469
92799375
92792269
98768075
92796182
98768023
92795651
98768034
92794061
92799468
92790855
98768644
98768502
92794561
98768470
92799982
98768214
98768819
98768553
92791769
92799679
98768484
92797712
98768167
98768113
92799599
92795250
98768998
98768794
98768245
92790068
92795321
98768807
92797345
98768271
98768473
98768532
98768089
98768492
92790097
98768683
98768141
92796021
92798598
98768469
98768184
98768430
92798240
92792353
98768062
98768570
92793825
98768713
98768023
98768855
92792149
98768894
92790968
98768877
92799180
92790653
98768850
92799374
98768125
98768776
98768781
92799112
92797577
92792994
98768846
98768081
92797075
98768331
98768875
92795153
98768569
98768188
98768531
98768042
92794445
92799403
98768999
92791119
92796871
92792863
92795492
92792975
92792088
92793198
98768156
92792496
92795344
92795831
98768698
98768210
98768663
92795077
98768222
98768546
98768356
92794731
92797148
92796081
92791161
98768172
92791425
98768875
98768386
92799660
92792138
98768948
92798095
98768275
92798190
92791507
98768606
92793410
98768499
92790178
98768500
98768580
98768197
98768170
98768891
92799862
92799368
98768178
92796576
92792628
98768572
92799809
98768604
92790441
92796564
92790462
98768820
92797794
92799130
98768064
92793780
98768197
98768069
92794484
92793561
98768531
92798190
98768422
98768994
92794073
98768668
98768323
92791540
92795724
92797388
92793359
92794556
98768082
92795843
98768111
92790338
98768771
98768821
98768736
98768127
98768899
92797680
98768525
98768924
98768280
98768099
98768476
92799001
98768502
92796606
98768279
92799526
98768098
98768832
92798748
92790227
92798115
98768652
92796314
92798659
98768083
98768577
98768420
98768128
98768438
92798783
98768087
98768520
92798679
98768914
92798511
98768240
92796485
98768581
98768992
98768496
92798512
98768298
98768488
98768191
92795998
92797332
98768825
98768333
92793830
92795245
92797247
98768608
92792911
92796488
98768256
92796451
98768288
92790285
92797762
92799136
92791196
92799751
98768148
92792347
92790624
92799904
98768836
92796490
98768500
92790972
92793485
92799375
98768582
98768229
98768154
92794513
92794823
92795609
98768823
92790275
92797456
98768912
92797935
98768997
98768326
98768275
98768695
92799195
98768984
98768060
92795938
92794957
98768737
98768814
98768257
92798986
92790359
92797187
92797970
92795219
92791215
98768445
98768541
92793842
92799890
92791149
92797169
98768845
92796156
98768836
98768420
92790574
98768340
98768788
98768117
92796449
92795621
92790459
92794585
92796222
98768673
98768343
98768215
98768805
98768896
92799695
92793143
92794104
92798271
92797369
98768699
98768381
98768604
98768611
98768064
92793673
92791918
92796355
98768180
98768968
98768239
92799177
92795786
98768434
98768746
92799339
92794939
92791203
92796261
98768086
92798559
92797652
92798850
98768293
98768126
98768643
98768998
92792760
98768263
92793912
98768386
92791900
98768631
98768667
98768343
98768414
98768644
92790723
92799825
98768047
98768026
98768607
92792539
98768416
92796224
92794522
92795762
98768509
98768790
98768915
98768926
98768719
98768960
92797727
92796396
98768714
98768512
92794208
92797257
98768855
98768887
92797226
92792214
98768300
92799515
98768324
92798940
92791822
98768414
92792448
92797499
92799703
98768662
98768942
98768457
92793706
98768824
98768112
98768016
98768905
98768233
98768404
92796909
92797106
98768406
92798013
98768808
92793181
98768191
92795745
98768215
98768144
98768375
92791382
98768355
98768685
98768069
92792881
92791808
92791897
92790774
92791585
98768464
98768741
98768303
98768986
98768969
98768000
98768771
98768684
98768429
98768029
98768564
98768634
92790802
98768820
92790651
98768146
98768476
98768148
98768235
98768164
92794832
92791768
92797747
98768550
92792374
92793803
92791485
92790140
98768653
98768796
92790243
92798926
92792405
98768483
92795431
92790970
92795850
92791910
98768441
92793576
98768255
98768976
92794736
98768007
92797596
98768497
92797651
92798124
92794525
98768080
98768696
98768154
92792962
98768559
98768551
92793772
98768207
98768283
98768768
92796571
92795829
92791612

92792118
92790178
92790952
98768101
92794456
92796499
92792292
92794801
92791646
98768975
92794520
98768596
98768242
98768283
98768792
98768492
98768292
98768456
98768795
92796132
98768688
98768581
92790071
92793534
98768447
98768428
98768387
98768126
98768151
92795826
98768322
92790800
92790937
92791024
92792557
98768151
98768070
98768781
92795618
92796208
98768932
92799221
98768291
92791811
98768806
92796294
98768759
92790652
92792929
92799080
92797153
98768833
98768559
92794130
92794175
92797016
92794709
98768773
92794638
92797103
98768717
98768264
92793936
92795521
92799034
98768151
98768222
92796235
92793800
98768177
98768165
98768105
92793470
98768269
92799791
92792808
92790655
92794815
92795250
98768938
98768189
98768104
92795502
98768696
98768383
92790637
98768583
98768649
98768870
92794768
98768500
98768741
92799885
92794499
92790311
98768809
92798572
92797773
92798381
92793193
98768155
98768292
98768721
98768656
92799222
98768589
98768876
98768445
98768100
92795755
98768498
98768152
98768993
98768658
98768347
98768981
92791121
98768543
92796005
98768387
98768234
92797687
98768790
98768342
92794386
98768697
92793807
98768579
92796721
92796387
98768115
92791443
98768564
92798888
92796301
98768902
98768178
98768992
92794083
92799434
98768542
98768368
92792256
92791122
92794452
98768900
92794507
98768819
92798603
92798227
92796236
98768041
92791494
92797098
92792349
98768634
98768446
92799364
98768978
98768110
92793961
98768527
98768560
92792591
92790127
98768746
92797708
92794875
92792098
92794812
92792149
92799650
98768321
98768546
92796121
92796732
98768866
98768979
98768416
92794891
92797508
92799960
92793424
92792802
92790539
98768240
98768842
92799646
98768861
92793191
98768598
92794660
98768639
92792269
92793011
92791997
92796366
92797221
92799325
98768277
92794577
98768151
98768820
92790640
98768019
98768291
92797538
98768330
92791019
98768150
92796898
98768424
92796187
98768118
92799162
92790071
92793294
98768125
92790147
98768511
92796453
92794296
98768085
98768307
98768473
92791652
92799626
98768519
98768615
92794190
92794680
98768550
98768171
98768549
92797435
98768374
98768878
92798957
98768101
92790501
92797651
98768713
92793056
98768213
98768990
98768210
98768894
92793394
98768898
92791304
98768921
92793109
98768745
92795439
98768932
98768804
92798566
92792618
92791009
92792918
98768954
98768860
98768342
92794598
92796723
92794432
98768292
98768361
92798156
92794490
92790719
98768578
98768031
92797071
98768386
92795710
98768973
98768649
98768444
92798374
92797160
98768160
98768169
98768533
92791245
92790817
92790245
92799199
92799506
92792961
92795625
92791727
98768348
98768074
98768334
92798446
98768949
92797878
98768585
98768728
92791740
98768336
98768466
98768081
92790971
92794968
92794440
92798359
92799669
98768772
98768675
92794801
98768207
92790478
98768142
92790210
92794475
98768195
92798886
92792724
92793561
92792265
98768327
98768153
98768652
98768464
98768211
92796146
98768845
98768796
92793328
98768711
92795047
92799523
98768385
92798617
98768010
98768585
92791916
98768051
92792910
92799421
98768840
98768312
92794799
92796779
92790262
92791319
98768110
98768915
98768242
98768741
98768446
98768210
98768169
92795887
92797556
98768301
92797968
92794678
98768622
92791562
92796579
92790518
98768880
98768842
98768031
92799980
92790733
98768347
92790193
98768582
92797928
92798455
98768580
98768880
98768536
98768004
92795436
98768828
92795126
92794117
92790873
98768388
92799439
98768143
92797756
92794844
98768463
98768707
92795845
98768496
92792589
92796939
92795913
92794278
92794152
98768777
98768543
92795423
98768136
98768751
92791788
92798405
98768899
92794062
98768809
92792245
92790509
98768869
98768158
92791959
92797863
92795784
92794686
92796509
92794123
98768992
98768100
98768715
98768536
92797450
98768449
98768087
98768824
92792572
92791700
92797938
98768279
92791710
98768629
92798873
92793440
98768816
92795186
98768053
98768739
98768823
98768518
92798487
92791872
92791600
92793596
98768796
92794945
92796059
98768687
98768951
92791126
92791671
98768498
92796082
92790854
92799549
92797823
98768151
92798014
98768902
92797764
92792011
98768355
92795809
92794239
98768691
92796718
98768467
98768324
92792777
92792715
98768902
92791683
92795964
98768166
98768380
98768990
98768103
92797009
98768369
98768569
98768798
92791899
92792417
98768459
98768906
92799801
98768356
92790458
92792867
98768137
92790979
98768922
92793732
98768966
92798033
92791312
98768653
92790351
92795800
98768914
98768847
98768543
92795283
92793451
98768151
98768105
92796644
92794704
98768319
92792719
98768834
98768609
92797035
98768570
92798739
92798735
92792501
98768439
92797499
98768218
92790347
98768709
98768524
92795247
98768089
98768811
92795006
92797283
98768997
92790941
92793019
98768538
92799619
92792003
98768905
92794887
98768920
92794157
92792571
98768270
98768394
92799828
98768387
92796535
92794345
98768099
98768133
92791211
92796869
98768688
98768116
92791214
98768670
92798171
92793050
98768661
92794334
98768209
92791639
98768613
98768208
98768641
92796898
98768062
92795074
98768212
98768669
98768884
92797797
92792877
92795683
92797635
92798915
92793631
98768209
92799412
98768699
98768055
92799700
92794772
92798473
98768751
98768891
98768670
98768735
98768172
92796907
92790955
98768181
92799121
92793051
92790672
98768109
98768072
98768448
92790111
98768170
98768681
98768384
98768769
98768540
98768979
98768548
92799148
92795213
92794015
98768379
92796893
92797256
98768370
92792523
92798137
98768195
92791612
92799060
98768100
98768801
92791526
92790013
92792024
98768403
98768646
98768311
98768982
98768011
98768268
98768729
98768660
98768046
98768618
92798920
98768400
92795217
98768262
98768062
92797823
98768252
92796640
98768034
92797896
98768558
98768765
92799160
98768511
92792909
98768959
92792718
98768787
98768365
92799087
98768262
92792350
92793931
92790551
98768720
98768757
92795955
98768443
98768555
98768122
92797831
92794479
92798880
98768624
98768451
92790581
98768264
98768748
98768999
98768783
92792111
98768883
98768332
92794462
92793767
98768787
92791642
92797524
98768000
92790619
92798185
98768931
92793154
92793137
98768865
92791424
92796115
92797534
92792883
98768543
92799050
98768866
98768214
98768007
98768880
98768972
92794743
98768086
98768993
98768444
98768838
92798455
98768875
98768425
92792592
98768820
98768494
98768153
98768090
92798338
98768453
92799327
92796640
98768558
92794516
92790181
98768416
92794369
98768334
92799408
92794253
98768168
92797238
92791344
98768942
92794895
92799418
92792424
98768020
98768183
98768717
98768664
98768142
98768224
98768503
92790021
98768103
92795677
98768573
92791217
92799510
92793009
92798025
92793976
98768425
92794775
98768549
98768330
92796134
98768442
92795215
98768819
98768296
92797829
98768565
92792240
98768424
98768563
98768394
98768977
92793177
92795731
98768950
92793251
98768400
98768573
92792196
98768912
98768474
92794102
98768697
98768499
98768913
98768132
98768334
92797372
98768766
98768235
92792092
98768821
98768916
92797222
92795364
98768066
98768993
92792232
98768556
98768004
98768536
98768528
92791879
92791931
98768551
92799933
98768068
98768121
98768107
92795069
98768154
92792991
98768889
92797998
98768841
98768059
92799142
98768804
92794972
98768657
92798922
98768398
98768728
92793047
92795503
92791916
98768441
98768827
92790343
92791505
92794788
92794912
92794971
98768222
92792286
92797401
92798387
92797000
92790890
98768787
92792577
92799662
98768547
98768344
98768678
98768488
98768073
98768242
98768851
98768095
98768906
92796585
98768736
98768473
98768418
92790930
98768013
92797697
98768277
98768126
92790759
98768776
98768068
98768006
92797311
92799841
98768750
98768032
98768626
98768093
98768036
98768218
98768465
92791494
92791080
98768620
98768066
98768583
98768902
98768882
92794736
92798422
92799169
98768461
92792076
92793491
98768399
98768327
98768929
98768816
98768446
92797095
92793308
98768321
98768319
98768073
92799852
92790862
98768321
98768021
98768375
98768441
98768104
98768789
92797874
98768847
98768060
92794731
92797734
92797287
92790566
98768455
98768649
92791334
98768497
98768801
98768671
98768425
92799009
98768244
98768906
92795168
98768265
98768016
92790700
98768526
98768753
98768357
98768300
98768559
92796867
98768974
92791903
98768983
98768458
98768214
98768449
98768404
98768006
98768989
98768390
98768290
92799199
92797788
92791787
98768309
92795403
98768388
98768076
92791503
92793362
92791405
92793704
92795948
92797571
98768668
92795720
98768026
92791269
98768040
98768517
92798030
98768818
92794263
98768593
92791399
92795338
98768667
92796467
98768203
92799465
98768883
92794478
92793143
98768585
92797463
92793270
98768117
92795500
98768966
98768618
92798672
98768335
98768406
98768573
92790407
92794787
98768172
98768532
92790525
92799785
92797171
98768100
98768450
92798463
92798562
98768690
98768770
92791132
98768486
92794366
98768986
98768073
98768382
92799300
92793574
92792042
92798134
92792779
98768776
98768293
92795714

98768244
92796453
92797208
92791605
92792087
92795075
98768074
92794268
98768389
98768624
92795240
98768476
98768644
92796997
92791431
92790951
92795860
98768741
98768282
98768163
92792867
92794490
98768872
98768908
92792319
98768112
92798029
98768210
92793905
92798491
92796933
92798560
92799765
98768831
98768958
98768510
92795000
98768045
98768736
98768388
98768918
92799023
92794855
98768546
92792190
92790612
98768130
92792031
92791722
92790787
98768019
98768824
92796237
98768546
98768203
92798023
92799613
92796735
98768183
92797689
92794729
92792764
92797003
92790110
92794564
98768796
92793478
98768229
92791033
98768967
98768457
92790080
92799302
92792779
98768003
98768646
92798172
92792345
92792276
92798403
98768404
92795538
92794225
92791525
98768677
98768566
98768545
92790546
98768035
92794178
92797179
98768384
92791744
98768075
98768714
92798084
98768430
92794130
98768939
92796879
92792548
92795221
98768261
98768775
98768034
98768493
92797547
92790015
98768143
98768365
92799930
98768797
92794299
98768457
98768684
92794479
92798136
98768331
92795197
98768130
98768339
92794991
98768609
98768989
92799044
98768751
98768375
98768883
98768218
92794819
98768900
92792190
92799645
92796393
98768355
98768162
98768571
92794428
92796145
98768627
92798724
92794513
98768585
98768682
92798239
92799475
92794663
92798971
98768642
98768968
98768259
98768717
92793827
92798959
98768203
92796196
98768867
98768296
92793890
98768681
92791935
92798770
98768929
98768830
92794015
92797716
92792354
98768934
98768427
92793457
92792330
98768047
92798685
98768032
92797050
92791252
98768049
92793483
98768357
92799787
92792712
98768407
98768204
92793444
98768425
98768689
98768291
98768086
98768648
98768664
92797419
92792943
98768732
92798057
98768783
98768175
92791294
92792152
98768242
98768650
92791519
92794366
92795099
98768469
92791307
92798313
92792351
98768119
92792997
98768923
92794292
92791232
92799428
98768309
98768388
92793772
92792749
92794959
98768072
92799146
98768736
92797724
92792817
92794448
98768708
98768760
98768939
98768427
92799614
98768505
98768027
92794086
98768202
92799765
92794289
98768373
98768566
92790225
92792661
92797571
92795953
92791841
92791953
92796197
98768016
92795902
98768508
98768171
92790652
98768668
98768878
98768745
98768731
98768127
92792248
92798759
98768558
98768737
98768745
92790409
92791700
92797030
92797250
98768479
92794987
98768618
98768764
98768398
92797357
92792627
92795066
92796491
98768122
98768349
92795001
92796915
92791619
92790476
98768803
92796098
92790388
98768812
92793743
92797828
92798566
98768596
92797278
92799815
98768917
92791321
98768282
98768900
92794496
98768856
98768396
98768941
98768906
92792869
92795050
98768138
98768416
92798269
92797294
98768282
98768083
92799528
98768016
98768963
98768030
98768618
92792546
92793364
92798417
92790376
92798752
92792463
92791740
98768595
92790313
92790759
92795097
98768648
92799315
92797669
92795754
92792720
98768547
92797329
98768406
92798036
98768478
98768899
98768356
98768857
92792067
92799193
92796139
98768599
92795619
98768251
98768334
92790080
92793025
92799014
98768138
92799062
92796048
92797727
92797540
98768619
98768961
92797849
92791969
98768404
92799499
92792099
98768021
92799193
92797563
98768993
98768953
98768194
98768340
98768756
98768590
92791125
98768193
92790647
98768419
98768135
98768261
98768437
98768646
98768912
98768659
92796022
98768130
92790519
98768578
98768835
98768622
98768643
92794199
92796605
98768269
98768676
92793204
98768537
92792968
98768172
92792724
92799470
98768299
92795498
98768504
98768471
98768305
92799211
92799916
98768095
98768419
98768868
98768739
92798106
98768625
98768289
92798758
92794042
98768014
92798342
92790648
92791873
92793380
98768708
98768405
92790804
92793265
98768614
92796296
98768897
92791567
98768217
92793832
92799633
98768777
92791217
92797721
92792586
98768340
98768331
92792980
98768826
92797924
92793825
98768949
98768556
98768819
92799376
92798481
98768682
92795489
92798607
98768494
92799030
98768420
98768510
92790561
92791550
92795856
92795697
98768405
98768534
92797320
98768690
92795440
92799281
92790753
98768956
98768525
98768577
92792491
98768096
98768893
92796317
98768163
92798742
98768765
98768693
98768191
92798088
92790254
98768586
98768389
92797081
92799964
92794338
92799077
92799261
98768331
98768278
92793231
92795474
92794140
98768331
92790800
92790186
98768602
92794070
98768368
92790071
98768426
98768874
92796003
92799821
98768420
98768486
98768058
92793833
98768974
92791718
98768454
92798458
92792634
98768152
92790903
92790102
92799091
92798567
98768114
98768264
98768321
92794171
92792894
98768888
98768127
98768983
92795677
92793559
98768258
92798351
98768503
92793455
92791241
98768387
98768355
98768628
92795753
98768223
92791555
98768804
98768255
92798274
92799468
98768065
92791999
98768113
92794230
98768348
92794214
98768498
92794164
98768871
92797670
98768840
92798075
92791921
98768937
92791803
92798557
92793961
98768981
92799714
98768184
92797510
98768718
92792056
92796886
92799382
92792307
98768783
98768094
92796000
92790885
92799546
92797641
92791441
98768868
98768673
92793546
92799516
92793588
92791466
98768643
98768721
92792833
98768192
98768870
92791092
98768020
92798434
92791892
92791891
98768050
98768466
98768321
92798532
98768883
98768439
92791515
92797754
92794457
92795071
98768506
92795659
98768142
92792252
92792963
92792326
98768971
98768109
98768599
92791960
98768556
98768663
92795715
98768458
92797261
92798749
98768890
98768520
98768467
98768036
98768028
92796985
98768661
92799835
92796421
98768746
98768499
98768884
92790528
92798816
92796226
98768771
98768060
92790294
92796774
98768437
98768908
98768373
98768924
92799985
92791374
98768727
92799182
98768768
98768728
98768175
98768433
92790198
98768147
92798069
92797511
98768606
98768985
92790810
98768873
98768534
98768482
98768914
92791679
92793425
92799878
92790933
98768642
98768779
98768333
92796993
92790933
98768427
92799467
92797784
98768022
92796166
92792069
98768392
98768427
92791818
92795784
92797204
92793806
98768223
98768403
98768771
98768478
92793180
92790280
92791977
92799289
92797709
92798511
98768234
98768907
98768467
92790460
98768935
98768428
92790983
92792013
92790934
92796718
92795940
98768004
98768033
92793108
92793416
98768550
98768720
98768794
92798662
98768340
92798252
98768749
98768113
98768476
98768633
98768998
92796583
98768047
92799693
98768942
92797063
98768892
92798348
92799550
92791276
98768090
92794653
92797743
92797991
98768205
92793063
98768052
98768264
98768362
92798296
98768268
98768175
92795277
98768124
92796032
92797744
92797389
92798475
92796286
98768064
98768494
92796383
98768198
92794990
92791540
98768952
92790642
98768697
98768991
98768842
92795223
98768396
98768123
98768864
98768392
92798429
92791926
92799372
92792407
92798836
98768315
98768418
98768443
92795571
92796461
92794489
92799836
98768512
98768701
98768471
92799245
92795113
92794640
92790047
98768491
92797577
98768458
98768306
98768892
92792597
92790673
98768047
92799509
92790095
98768203
92793223
92793505
98768821
92793315
98768406
98768631
92794338
92799579
92794790
98768923
98768511
92792820
92792125
98768156
98768172
92796542
98768161
92799248
92790486
92796787
92794841
92797762
98768801
98768853
98768268
98768878
98768544
92791567
92790263
92797475
92791330
92799108
92798165
92791698
92791966
98768285
98768932
98768509
92797019
98768139
98768230
98768032
92793135
92792137
92791929
92791213
92795912
92790275
98768986
92793472
92799941
92793714
98768540
92790077
92791662
92796972
98768774
92799102
92791943
98768260
92792972
92797970
98768245
98768601
98768995
92799246
92795626
98768376
98768474
98768073
98768746
92799073
92792969
98768367
92794895
92799325
98768542
92792040
92793323
92794119
92798892
92798376
98768092
98768420
98768618
92798623
98768754
92793637
98768940
92798515
92790802
92794516
98768448
98768560
98768808
98768716
98768425
92794865
92799803
92796315
98768337
92799043
92796417
98768813
92799510
92799256
92792328
98768733
98768434
92799787
98768615
92793269
98768010
92793551
98768815
92796614
98768633
98768671
98768440
92790982
98768424
98768783
98768788
92798459
92798801
92794678
92794064
92791206
98768020
98768843
98768521
98768177
98768625
98768233
92794278
98768615
98768079
92793199
92799567
98768231
98768970
98768197
98768672
92794650
98768084
98768053
92797713
92790038
98768140
92790018
92793568
92797371
98768134
92796355
98768517
92797245
98768260
92791224
92794426
92797488
98768752
98768532
92792710
92796220
98768282
98768790
92797466
92796145
98768626
98768335
92795326
98768272
98768272
98768080
92796515
92790709
98768734
92799709
98768929
98768125
98768573
98768825
92798722
98768440
92795082
98768105
92793846
92791147
98768681
92799569
98768713
98768867
98768085
92791022
98768596
92791006
98768076
92791669
92796486
98768127
92792843
92796904
92799142
92794981
98768091
92796463
92796055
92792128
92790791
92796195
98768234
98768631
98768663
98768775
98768530
98768070
98768330
98768702
